Icathode max 32mA

Tensions anode:

[
    0,
    0,
    0,
    0,
    0,
    0,
    0,
    3.3,
    9.4,
    15.5,
    22,
    28.1,
    34.2,
    40.8,
    46.9,
    53,
    59.1,
    65.2,
    71.3,
    77.3,
    83.4,
    89.5,
    95.2,
    101.3,
    106.9,
    112.5,
    118.1,
    123.8,
    129.4,
    135,
    140.2,
    146.3,
    151.4,
    156.6,
    161.7,
    166.9,
    172,
    176.7,
    181.4,
    186.6,
    191.3,
    195.9,
    200.6,
    204.8,
    209.5,
    214.2,
    218.4,
    222.7,
    227.3,
    231.6,
    235.8,
    240,
    243.8,
    248,
    251.3,
    255,
    258.3,
    261.6,
    264.8,
    267.7,
    270.5,
    272.8,
    274.7,
    276.6
]

Courant cathode:

[
    0,
    0,
    0,
    0,
    0,
    0,
    0,
    0,
    0,
    0,
    0,
    0,
    0,
    0,
    0,
    0,
    0,
    0,
    0,
    0,
    0,
    0,
    0,
    0,
    0,
    0,
    0.03125,
    0.03125,
    0.03125,
    0.0625,
    0.0625,
    0.09375,
    0.09375,
    0.09375,
    0.09375,
    0.125,
    0.125,
    0.15625,
    0.15625,
    0.15625,
    0.1875,
    0.1875,
    0.1875,
    0.21875,
    0.21875,
    0.21875,
    0.25,
    0.25,
    0.28125,
    0.28125,
    0.28125,
    0.3125,
    0.3125,
    0.34375,
    0.34375,
    0.34375,
    0.375,
    0.375,
    0.375,
    0.375,
    0.375,
    0.40625,
    0.375,
    0.40625
] 
