Icathode max 32mA

Tensions anode:

[
    0,
    0,
    0,
    0,
    0,
    0,
    0,
    6,
    19,
    32,
    46,
    59,
    72,
    86,
    99,
    112,
    125,
    139,
    152,
    164,
    177,
    190,
    203,
    215,
    227,
    240,
    252,
    263,
    275,
    287,
    298,
    309,
    321,
    332,
    343,
    354,
    365,
    376,
    386,
    397,
    407,
    416,
    427,
    436,
    447,
    456,
    466,
    476,
    484,
    494,
    502,
    511,
    519,
    527,
    536,
    543,
    549,
    557,
    563,
    569,
    575,
    580,
    585,
    590
] 

Courant cathode:

[
    0,
    0,
    0,
    0,
    0,
    0,
    0,
    0,
    0,
    0,
    0,
    0,
    0,
    0,
    0,
    0,
    0,
    0,
    0,
    0,
    0,
    0,
    0,
    0,
    0,
    1,
    1,
    1,
    1,
    2,
    2,
    3,
    3,
    3,
    3,
    4,
    4,
    4,
    5,
    6,
    6,
    7,
    7,
    7,
    7,
    7,
    8,
    8,
    8,
    9,
    9,
    10,
    10,
    11,
    11,
    11,
    12,
    12,
    12,
    12,
    12,
    13,
    13,
    14
]
