Tension cathode:

[
    0,
    0,
    0,
    0,
    0,
    0,
    0,
    1,
    14,
    26,
    38,
    51,
    63,
    76,
    89,
    102,
    115,
    129,
    142,
    155,
    168,
    181,
    194,
    207,
    220,
    232,
    245,
    257,
    270,
    282,
    294,
    305,
    318,
    330,
    341,
    352,
    364,
    375,
    385,
    396,
    407,
    417,
    428,
    437,
    446,
    457,
    466,
    476,
    486,
    496,
    504,
    513,
    521,
    529,
    537,
    544,
    551,
    558,
    564,
    569,
    576,
    582,
    588,
    592
]

Courrant anode:

[
    3,
    3,
    3,
    3,
    3,
    3,
    3,
    3,
    3,
    3,
    3,
    3,
    3,
    3,
    4,
    4,
    5,
    6,
    7,
    8,
    9,
    11,
    12,
    14,
    16,
    18,
    20,
    23,
    25,
    28,
    30,
    33,
    35,
    38,
    41,
    44,
    47,
    50,
    54,
    56,
    60,
    63,
    66,
    69,
    72,
    75,
    78,
    81,
    83,
    88,
    90,
    94,
    96,
    99,
    102,
    104,
    107,
    110,
    112,
    114,
    116,
    118,
    120,
    121
]
